========== ISD ANALIZA SPÓJNIKÓW ==========


========== TWORZENIE BAZY ==========
Podaj termy, które chcesz analizować (rozdzielone spacją):      bo gdy że ale i oraz ani ni lub albo bądź
========== MACIERZ TFM ==========

bo gdy że ale i oraz ani ni lub albo bądź 
[57, 47, 42, 4, 343, 0, 5, 6, 12, 7, 4]
[22, 24, 110, 19, 422, 1, 8, 9, 25, 15, 0]
[0, 3, 9, 1, 100, 13, 1, 0, 45, 3, 5]
[34, 39, 0, 82, 415, 7, 21, 6, 7, 18, 0]
[0, 0, 260, 20, 96, 0, 0, 0, 2, 46, 0]
[0, 9, 60, 0, 285, 26, 0, 0, 12, 0, 0]
[1, 1, 20, 4, 88, 2, 10, 0, 8, 1, 0]
[4, 47, 207, 50, 773, 15, 12, 0, 42, 8, 11]
[8, 3, 103, 53, 259, 8, 2, 0, 9, 4, 3]
[0, 3, 2, 7, 113, 14, 0, 0, 10, 0, 1]

=========== Macierz TFM-IDF ===========
bo gdy że ale i oraz ani ni lub albo bądź 
[29.12, 4.95, 4.43, 0.42, 0.0, 0.0, 1.78, 7.22, 0.0, 1.56, 2.77]
[11.24, 2.53, 11.59, 2.0, 0.0, 0.22, 2.85, 10.84, 0.0, 3.35, 0.0]
[0.0, 0.32, 0.95, 0.11, 0.0, 2.9, 0.36, 0.0, 0.0, 0.67, 3.47]
[17.37, 4.11, 0.0, 8.64, 0.0, 1.56, 7.49, 7.22, 0.0, 4.02, 0.0]
[0.0, 0.0, 27.39, 2.11, 0.0, 0.0, 0.0, 0.0, 0.0, 10.26, 0.0]
[0.0, 0.95, 6.32, 0.0, 0.0, 5.8, 0.0, 0.0, 0.0, 0.0, 0.0]
[0.51, 0.11, 2.11, 0.42, 0.0, 0.45, 3.57, 0.0, 0.0, 0.22, 0.0]
[2.04, 4.95, 21.81, 5.27, 0.0, 3.35, 4.28, 0.0, 0.0, 1.79, 7.62]
[4.09, 0.32, 10.85, 5.58, 0.0, 1.79, 0.71, 0.0, 0.0, 0.89, 2.08]
[0.0, 0.32, 0.21, 0.74, 0.0, 3.12, 0.0, 0.0, 0.0, 0.0, 0.69]

========== Porównanie Dokumentów Miara kosinusowa ==========
[1.0, 0.77, 0.12, 0.85, 0.15, 0.12, 0.24, 0.28, 0.44, 0.05]
[0.77, 1.0, 0.17, 0.73, 0.6, 0.44, 0.5, 0.63, 0.71, 0.08]
[0.12, 0.17, 1.0, 0.11, 0.24, 0.57, 0.24, 0.53, 0.39, 0.76]
[0.85, 0.73, 0.11, 1.0, 0.09, 0.07, 0.43, 0.26, 0.44, 0.17]
[0.15, 0.6, 0.24, 0.09, 1.0, 0.68, 0.49, 0.86, 0.82, 0.08]
[0.12, 0.44, 0.57, 0.07, 0.68, 1.0, 0.44, 0.75, 0.7, 0.69]
[0.24, 0.5, 0.24, 0.43, 0.49, 0.44, 1.0, 0.63, 0.55, 0.16]
[0.28, 0.63, 0.53, 0.26, 0.86, 0.75, 0.63, 1.0, 0.92, 0.31]
[0.44, 0.71, 0.39, 0.44, 0.82, 0.7, 0.55, 0.92, 1.0, 0.31]
[0.05, 0.08, 0.76, 0.17, 0.08, 0.69, 0.16, 0.31, 0.31, 1.0]
========== Porównanie Dokumentów Miara Manhattan ==========
[0.0, 38.51, 50.67, 37.74, 79.19, 54.56, 49.34, 67.46, 52.68, 54.05]
[38.51, 0.0, 48.14, 36.21, 50.5, 42.71, 39.13, 49.69, 32.77, 46.72]
[50.67, 48.14, 0.0, 53.15, 45.08, 13.51, 11.77, 42.33, 22.53, 5.4]
[37.74, 36.21, 53.15, 0.0, 77.91, 58.46, 47.24, 63.42, 50.42, 50.25]
[79.19, 50.5, 45.08, 77.91, 0.0, 40.19, 41.65, 39.45, 38.37, 42.94]
[54.56, 42.71, 13.51, 58.46, 40.19, 0.0, 15.12, 42.94, 22.52, 10.85]
[49.34, 39.13, 11.77, 47.24, 41.65, 15.12, 0.0, 43.72, 24.64, 10.09]
[67.46, 49.69, 42.33, 63.42, 39.45, 42.94, 43.72, 0.0, 29.52, 46.03]
[52.68, 32.77, 22.53, 50.42, 38.37, 22.52, 24.64, 29.52, 0.0, 23.89]
[54.05, 46.72, 5.4, 50.25, 42.94, 10.85, 10.09, 46.03, 23.89, 0.0]
========== Porównanie Dokumentów Miara Euklidesa ==========
[0.0, 20.11, 30.75, 16.57, 39.26, 31.09, 30.21, 33.94, 27.81, 30.97]
[20.11, 0.0, 19.95, 15.98, 23.58, 18.13, 18.47, 19.89, 14.29, 20.2]
[30.75, 19.95, 0.0, 22.75, 28.56, 7.09, 5.5, 22.83, 12.17, 3.05]
[16.57, 15.98, 22.75, 0.0, 35.51, 23.85, 21.34, 29.18, 20.74, 22.49]
[39.26, 23.58, 28.56, 35.51, 0.0, 24.25, 27.49, 15.14, 19.96, 29.26]
[31.09, 18.13, 7.09, 23.85, 24.25, 0.0, 7.76, 19.33, 9.51, 6.78]
[30.21, 18.47, 5.5, 21.34, 27.49, 7.76, 0.0, 22.51, 11.43, 4.94]
[33.94, 19.89, 22.83, 29.18, 15.14, 19.33, 22.51, 0.0, 13.88, 24.13]
[27.81, 14.29, 12.17, 20.74, 19.96, 9.51, 11.43, 13.88, 0.0, 12.58]
[30.97, 20.2, 3.05, 22.49, 29.26, 6.78, 4.94, 24.13, 12.58, 0.0]
========== Porównanie Dokumentów Miara Czebyszewa ==========
[0.0, 17.88, 29.12, 11.75, 29.12, 29.12, 28.61, 27.08, 25.03, 29.12]
[17.88, 0.0, 11.24, 11.59, 15.8, 11.24, 10.84, 10.84, 10.84, 11.38]
[29.12, 11.24, 0.0, 17.37, 26.44, 5.37, 3.47, 20.86, 9.9, 2.78]
[11.75, 11.59, 17.37, 0.0, 27.39, 17.37, 16.86, 21.81, 13.28, 17.37]
[29.12, 15.8, 26.44, 27.39, 0.0, 21.07, 25.28, 8.47, 16.54, 27.18]
[29.12, 11.24, 5.37, 17.37, 21.07, 0.0, 5.35, 15.49, 5.58, 6.11]
[28.61, 10.84, 3.47, 16.86, 25.28, 5.35, 0.0, 19.7, 8.74, 3.57]
[27.08, 10.84, 20.86, 21.81, 8.47, 15.49, 19.7, 0.0, 10.96, 21.6]
[25.03, 10.84, 9.9, 13.28, 16.54, 5.58, 8.74, 10.96, 0.0, 10.64]
[29.12, 11.38, 2.78, 17.37, 27.18, 6.11, 3.57, 21.6, 10.64, 0.0]
========== WYDAWANIE ZAPYTANIA DO BAZY ==========
Wpisz zapytanie: bo że
=========== WYNIKI ZAPYTANIA ===========
Miejsce 1 dokument: dok3.txt 
Miejsce 2 dokument: dok9.txt 
Miejsce 3 dokument: dok1.txt 
Miejsce 4 dokument: dok5.txt 
Miejsce 5 dokument: dok8.txt 
Miejsce 6 dokument: dok6.txt 
Miejsce 7 dokument: dok4.txt 
Miejsce 8 dokument: dok10.txt 
Miejsce 9 dokument: dok7.txt 
Miejsce 10 dokument: dok2.txt 